30.05.2026 05:27:01	192.168.65.1	Тест	79001234567	Согласие: да	Name: Тест Phone: 79001234567 Service: Ремонт квартир	curl/8.7.1
30.05.2026 05:27:03	192.168.65.1	Иван	79009998877	Согласие: да	Name: Иван Phone: 79009998877 Form_answer_1: Ремонт под ключ Form_answer_2: До 50 кв.м	curl/8.7.1
